年度,月份,區域別,性別,總計,區域人人口數,原住民合計,平地原住民,山地原住民
110,1,馬公市,計,63195,62771,424,235,189
110,1,馬公市,男,32115,31903,212,116,96
110,1,馬公市,女,31080,30868,212,119,93
110,1,復興里,計,537,533,4,0,4
110,1,復興里,男,337,333,4,0,4
110,1,復興里,女,200,200,0,0,0
110,1,長安里,計,626,623,3,0,3
110,1,長安里,男,300,299,1,0,1
110,1,長安里,女,326,324,2,0,2
110,1,中央里,計,587,577,10,6,4
110,1,中央里,男,302,299,3,1,2
110,1,中央里,女,285,278,7,5,2
110,1,啟明里,計,972,967,5,1,4
110,1,啟明里,男,479,477,2,0,2
110,1,啟明里,女,493,490,3,1,2
110,1,重慶里,計,1072,1070,2,2,0
110,1,重慶里,男,541,540,1,1,0
110,1,重慶里,女,531,530,1,1,0
110,1,中興里,計,879,875,4,1,3
110,1,中興里,男,446,443,3,1,2
110,1,中興里,女,433,432,1,0,1
110,1,光復里,計,2178,2170,8,1,7
110,1,光復里,男,1039,1035,4,1,3
110,1,光復里,女,1139,1135,4,0,4
110,1,光榮里,計,4731,4697,34,10,24
110,1,光榮里,男,2246,2229,17,4,13
110,1,光榮里,女,2485,2468,17,6,11
110,1,光明里,計,1365,1359,6,5,1
110,1,光明里,男,686,682,4,3,1
110,1,光明里,女,679,677,2,2,0
110,1,朝陽里,計,6075,6037,38,27,11
110,1,朝陽里,男,2946,2926,20,14,6
110,1,朝陽里,女,3129,3111,18,13,5
110,1,陽明里,計,2796,2785,11,10,1
110,1,陽明里,男,1374,1369,5,5,0
110,1,陽明里,女,1422,1416,6,5,1
110,1,重光里,計,1709,1701,8,5,3
110,1,重光里,男,867,863,4,3,1
110,1,重光里,女,842,838,4,2,2
110,1,西衛里,計,7064,7016,48,26,22
110,1,西衛里,男,3572,3547,25,13,12
110,1,西衛里,女,3492,3469,23,13,10
110,1,西文里,計,4026,4007,19,13,6
110,1,西文里,男,2035,2025,10,8,2
110,1,西文里,女,1991,1982,9,5,4
110,1,東文里,計,4121,4102,19,12,7
110,1,東文里,男,2020,2012,8,5,3
110,1,東文里,女,2101,2090,11,7,4
110,1,案山里,計,2061,2032,29,25,4
110,1,案山里,男,1212,1195,17,16,1
110,1,案山里,女,849,837,12,9,3
110,1,光華里,計,1231,1186,45,19,26
110,1,光華里,男,732,706,26,11,15
110,1,光華里,女,499,480,19,8,11
110,1,前寮里,計,1108,1094,14,9,5
110,1,前寮里,男,574,568,6,4,2
110,1,前寮里,女,534,526,8,5,3
110,1,石泉里,計,3148,3123,25,14,11
110,1,石泉里,男,1556,1545,11,5,6
110,1,石泉里,女,1592,1578,14,9,5
110,1,菜園里,計,497,497,0,0,0
110,1,菜園里,男,260,260,0,0,0
110,1,菜園里,女,237,237,0,0,0
110,1,東衛里,計,2462,2451,11,3,8
110,1,東衛里,男,1282,1279,3,1,2
110,1,東衛里,女,1180,1172,8,2,6
110,1,安宅里,計,704,698,6,0,6
110,1,安宅里,男,363,361,2,0,2
110,1,安宅里,女,341,337,4,0,4
110,1,烏崁里,計,1179,1171,8,5,3
110,1,烏崁里,男,619,613,6,3,3
110,1,烏崁里,女,560,558,2,2,0
110,1,興仁里,計,1401,1392,9,3,6
110,1,興仁里,男,730,727,3,1,2
110,1,興仁里,女,671,665,6,2,4
110,1,鐵線里,計,721,706,15,8,7
110,1,鐵線里,男,355,346,9,4,5
110,1,鐵線里,女,366,360,6,4,2
110,1,山水里,計,1919,1916,3,2,1
110,1,山水里,男,992,992,0,0,0
110,1,山水里,女,927,924,3,2,1
110,1,鎖港里,計,2901,2882,19,11,8
110,1,鎖港里,男,1487,1481,6,3,3
110,1,鎖港里,女,1414,1401,13,8,5
110,1,五德里,計,481,475,6,6,0
110,1,五德里,男,318,313,5,5,0
110,1,五德里,女,163,162,1,1,0
110,1,井垵里,計,429,429,0,0,0
110,1,井垵里,男,220,220,0,0,0
110,1,井垵里,女,209,209,0,0,0
110,1,嵵裡里,計,1325,1321,4,2,2
110,1,嵵裡里,男,670,669,1,0,1
110,1,嵵裡里,女,655,652,3,2,1
110,1,風櫃里,計,1613,1605,8,7,1
110,1,風櫃里,男,835,831,4,3,1
110,1,風櫃里,女,778,774,4,4,0
110,1,虎井里,計,880,878,2,1,1
110,1,虎井里,男,505,503,2,1,1
110,1,虎井里,女,375,375,0,0,0
110,1,桶盤里,計,397,396,1,1,0
110,1,桶盤里,男,215,215,0,0,0
110,1,桶盤里,女,182,181,1,1,0
110,2,馬公市,計,63182,62757,425,237,188
110,2,馬公市,男,32102,31889,213,117,96
110,2,馬公市,女,31080,30868,212,120,92
110,2,復興里,計,535,531,4,0,4
110,2,復興里,男,333,329,4,0,4
110,2,復興里,女,202,202,0,0,0
110,2,長安里,計,626,623,3,0,3
110,2,長安里,男,299,298,1,0,1
110,2,長安里,女,327,325,2,0,2
110,2,中央里,計,590,580,10,6,4
110,2,中央里,男,303,300,3,1,2
110,2,中央里,女,287,280,7,5,2
110,2,啟明里,計,971,966,5,1,4
110,2,啟明里,男,479,477,2,0,2
110,2,啟明里,女,492,489,3,1,2
110,2,重慶里,計,1072,1070,2,2,0
110,2,重慶里,男,540,539,1,1,0
110,2,重慶里,女,532,531,1,1,0
110,2,中興里,計,882,878,4,1,3
110,2,中興里,男,448,445,3,1,2
110,2,中興里,女,434,433,1,0,1
110,2,光復里,計,2178,2170,8,1,7
110,2,光復里,男,1038,1034,4,1,3
110,2,光復里,女,1140,1136,4,0,4
110,2,光榮里,計,4733,4700,33,10,23
110,2,光榮里,男,2250,2233,17,4,13
110,2,光榮里,女,2483,2467,16,6,10
110,2,光明里,計,1358,1352,6,5,1
110,2,光明里,男,682,678,4,3,1
110,2,光明里,女,676,674,2,2,0
110,2,朝陽里,計,6066,6028,38,27,11
110,2,朝陽里,男,2947,2926,21,15,6
110,2,朝陽里,女,3119,3102,17,12,5
110,2,陽明里,計,2803,2792,11,10,1
110,2,陽明里,男,1377,1372,5,5,0
110,2,陽明里,女,1426,1420,6,5,1
110,2,重光里,計,1703,1695,8,5,3
110,2,重光里,男,866,862,4,3,1
110,2,重光里,女,837,833,4,2,2
110,2,西衛里,計,7052,7004,48,26,22
110,2,西衛里,男,3565,3541,24,13,11
110,2,西衛里,女,3487,3463,24,13,11
110,2,西文里,計,4033,4013,20,14,6
110,2,西文里,男,2038,2028,10,8,2
110,2,西文里,女,1995,1985,10,6,4
110,2,東文里,計,4130,4110,20,12,8
110,2,東文里,男,2020,2012,8,5,3
110,2,東文里,女,2110,2098,12,7,5
110,2,案山里,計,2061,2032,29,25,4
110,2,案山里,男,1214,1197,17,16,1
110,2,案山里,女,847,835,12,9,3
110,2,光華里,計,1236,1191,45,20,25
110,2,光華里,男,735,709,26,11,15
110,2,光華里,女,501,482,19,9,10
110,2,前寮里,計,1106,1092,14,9,5
110,2,前寮里,男,573,567,6,4,2
110,2,前寮里,女,533,525,8,5,3
110,2,石泉里,計,3150,3125,25,14,11
110,2,石泉里,男,1559,1547,12,5,7
110,2,石泉里,女,1591,1578,13,9,4
110,2,菜園里,計,498,498,0,0,0
110,2,菜園里,男,261,261,0,0,0
110,2,菜園里,女,237,237,0,0,0
110,2,東衛里,計,2450,2439,11,3,8
110,2,東衛里,男,1275,1272,3,1,2
110,2,東衛里,女,1175,1167,8,2,6
110,2,安宅里,計,705,699,6,0,6
110,2,安宅里,男,363,361,2,0,2
110,2,安宅里,女,342,338,4,0,4
110,2,烏崁里,計,1176,1168,8,5,3
110,2,烏崁里,男,618,612,6,3,3
110,2,烏崁里,女,558,556,2,2,0
110,2,興仁里,計,1398,1389,9,3,6
110,2,興仁里,男,730,727,3,1,2
110,2,興仁里,女,668,662,6,2,4
110,2,鐵線里,計,730,715,15,8,7
110,2,鐵線里,男,362,353,9,4,5
110,2,鐵線里,女,368,362,6,4,2
110,2,山水里,計,1914,1911,3,2,1
110,2,山水里,男,984,984,0,0,0
110,2,山水里,女,930,927,3,2,1
110,2,鎖港里,計,2902,2883,19,11,8
110,2,鎖港里,男,1488,1482,6,3,3
110,2,鎖港里,女,1414,1401,13,8,5
110,2,五德里,計,479,473,6,6,0
110,2,五德里,男,315,310,5,5,0
110,2,五德里,女,164,163,1,1,0
110,2,井垵里,計,429,429,0,0,0
110,2,井垵里,男,220,220,0,0,0
110,2,井垵里,女,209,209,0,0,0
110,2,嵵裡里,計,1327,1323,4,2,2
110,2,嵵裡里,男,671,670,1,0,1
110,2,嵵裡里,女,656,653,3,2,1
110,2,風櫃里,計,1605,1597,8,7,1
110,2,風櫃里,男,827,823,4,3,1
110,2,風櫃里,女,778,774,4,4,0
110,2,虎井里,計,885,883,2,1,1
110,2,虎井里,男,506,504,2,1,1
110,2,虎井里,女,379,379,0,0,0
110,2,桶盤里,計,399,398,1,1,0
110,2,桶盤里,男,216,216,0,0,0
110,2,桶盤里,女,183,182,1,1,0
110,3,馬公市,計,63182,62752,430,240,190
110,3,馬公市,男,32126,31911,215,118,97
110,3,馬公市,女,31056,30841,215,122,93
110,3,復興里,計,528,524,4,1,3
110,3,復興里,男,327,324,3,0,3
110,3,復興里,女,201,200,1,1,0
110,3,長安里,計,626,623,3,0,3
110,3,長安里,男,299,298,1,0,1
110,3,長安里,女,327,325,2,0,2
110,3,中央里,計,583,575,8,6,2
110,3,中央里,男,302,300,2,1,1
110,3,中央里,女,281,275,6,5,1
110,3,啟明里,計,974,969,5,1,4
110,3,啟明里,男,481,479,2,0,2
110,3,啟明里,女,493,490,3,1,2
110,3,重慶里,計,1067,1064,3,2,1
110,3,重慶里,男,538,536,2,1,1
110,3,重慶里,女,529,528,1,1,0
110,3,中興里,計,881,877,4,1,3
110,3,中興里,男,450,447,3,1,2
110,3,中興里,女,431,430,1,0,1
110,3,光復里,計,2180,2172,8,1,7
110,3,光復里,男,1039,1035,4,1,3
110,3,光復里,女,1141,1137,4,0,4
110,3,光榮里,計,4715,4678,37,13,24
110,3,光榮里,男,2243,2224,19,5,14
110,3,光榮里,女,2472,2454,18,8,10
110,3,光明里,計,1352,1347,5,5,0
110,3,光明里,男,682,679,3,3,0
110,3,光明里,女,670,668,2,2,0
110,3,朝陽里,計,6059,6020,39,28,11
110,3,朝陽里,男,2947,2926,21,15,6
110,3,朝陽里,女,3112,3094,18,13,5
110,3,陽明里,計,2810,2799,11,10,1
110,3,陽明里,男,1378,1373,5,5,0
110,3,陽明里,女,1432,1426,6,5,1
110,3,重光里,計,1692,1686,6,3,3
110,3,重光里,男,859,855,4,3,1
110,3,重光里,女,833,831,2,0,2
110,3,西衛里,計,7062,7015,47,25,22
110,3,西衛里,男,3566,3543,23,12,11
110,3,西衛里,女,3496,3472,24,13,11
110,3,西文里,計,4041,4021,20,14,6
110,3,西文里,男,2037,2027,10,8,2
110,3,西文里,女,2004,1994,10,6,4
110,3,東文里,計,4134,4111,23,12,11
110,3,東文里,男,2028,2018,10,5,5
110,3,東文里,女,2106,2093,13,7,6
110,3,案山里,計,2056,2027,29,25,4
110,3,案山里,男,1216,1199,17,16,1
110,3,案山里,女,840,828,12,9,3
110,3,光華里,計,1234,1188,46,20,26
110,3,光華里,男,730,704,26,11,15
110,3,光華里,女,504,484,20,9,11
110,3,前寮里,計,1111,1097,14,9,5
110,3,前寮里,男,572,566,6,4,2
110,3,前寮里,女,539,531,8,5,3
110,3,石泉里,計,3167,3142,25,14,11
110,3,石泉里,男,1577,1565,12,5,7
110,3,石泉里,女,1590,1577,13,9,4
110,3,菜園里,計,491,491,0,0,0
110,3,菜園里,男,259,259,0,0,0
110,3,菜園里,女,232,232,0,0,0
110,3,東衛里,計,2451,2440,11,3,8
110,3,東衛里,男,1278,1275,3,1,2
110,3,東衛里,女,1173,1165,8,2,6
110,3,安宅里,計,703,697,6,0,6
110,3,安宅里,男,362,360,2,0,2
110,3,安宅里,女,341,337,4,0,4
110,3,烏崁里,計,1183,1174,9,6,3
110,3,烏崁里,男,622,615,7,4,3
110,3,烏崁里,女,561,559,2,2,0
110,3,興仁里,計,1426,1417,9,3,6
110,3,興仁里,男,747,744,3,1,2
110,3,興仁里,女,679,673,6,2,4
110,3,鐵線里,計,732,717,15,8,7
110,3,鐵線里,男,364,355,9,4,5
110,3,鐵線里,女,368,362,6,4,2
110,3,山水里,計,1918,1915,3,2,1
110,3,山水里,男,985,985,0,0,0
110,3,山水里,女,933,930,3,2,1
110,3,鎖港里,計,2896,2877,19,11,8
110,3,鎖港里,男,1483,1477,6,3,3
110,3,鎖港里,女,1413,1400,13,8,5
110,3,五德里,計,478,472,6,6,0
110,3,五德里,男,316,311,5,5,0
110,3,五德里,女,162,161,1,1,0
110,3,井垵里,計,428,428,0,0,0
110,3,井垵里,男,222,222,0,0,0
110,3,井垵里,女,206,206,0,0,0
110,3,嵵裡里,計,1324,1320,4,2,2
110,3,嵵裡里,男,669,668,1,0,1
110,3,嵵裡里,女,655,652,3,2,1
110,3,風櫃里,計,1599,1591,8,7,1
110,3,風櫃里,男,825,821,4,3,1
110,3,風櫃里,女,774,770,4,4,0
110,3,虎井里,計,885,883,2,1,1
110,3,虎井里,男,508,506,2,1,1
110,3,虎井里,女,377,377,0,0,0
110,3,桶盤里,計,396,395,1,1,0
110,3,桶盤里,男,215,215,0,0,0
110,3,桶盤里,女,181,180,1,1,0
110,4,馬公市,計,63238,62815,423,238,185
110,4,馬公市,男,32140,31929,211,117,94
110,4,馬公市,女,31098,30886,212,121,91
110,4,復興里,計,533,529,4,1,3
110,4,復興里,男,331,328,3,0,3
110,4,復興里,女,202,201,1,1,0
110,4,長安里,計,621,618,3,0,3
110,4,長安里,男,296,295,1,0,1
110,4,長安里,女,325,323,2,0,2
110,4,中央里,計,587,580,7,5,2
110,4,中央里,男,306,305,1,0,1
110,4,中央里,女,281,275,6,5,1
110,4,啟明里,計,969,964,5,1,4
110,4,啟明里,男,479,477,2,0,2
110,4,啟明里,女,490,487,3,1,2
110,4,重慶里,計,1065,1062,3,2,1
110,4,重慶里,男,537,535,2,1,1
110,4,重慶里,女,528,527,1,1,0
110,4,中興里,計,883,879,4,1,3
110,4,中興里,男,450,447,3,1,2
110,4,中興里,女,433,432,1,0,1
110,4,光復里,計,2189,2181,8,1,7
110,4,光復里,男,1043,1039,4,1,3
110,4,光復里,女,1146,1142,4,0,4
110,4,光榮里,計,4710,4673,37,13,24
110,4,光榮里,男,2240,2221,19,5,14
110,4,光榮里,女,2470,2452,18,8,10
110,4,光明里,計,1347,1342,5,5,0
110,4,光明里,男,680,677,3,3,0
110,4,光明里,女,667,665,2,2,0
110,4,朝陽里,計,6061,6024,37,26,11
110,4,朝陽里,男,2941,2921,20,14,6
110,4,朝陽里,女,3120,3103,17,12,5
110,4,陽明里,計,2808,2796,12,10,2
110,4,陽明里,男,1381,1375,6,5,1
110,4,陽明里,女,1427,1421,6,5,1
110,4,重光里,計,1689,1683,6,3,3
110,4,重光里,男,853,849,4,3,1
110,4,重光里,女,836,834,2,0,2
110,4,西衛里,計,7075,7030,45,24,21
110,4,西衛里,男,3574,3552,22,12,10
110,4,西衛里,女,3501,3478,23,12,11
110,4,西文里,計,4060,4038,22,16,6
110,4,西文里,男,2044,2033,11,9,2
110,4,西文里,女,2016,2005,11,7,4
110,4,東文里,計,4144,4121,23,12,11
110,4,東文里,男,2038,2028,10,5,5
110,4,東文里,女,2106,2093,13,7,6
110,4,案山里,計,2045,2016,29,25,4
110,4,案山里,男,1208,1191,17,16,1
110,4,案山里,女,837,825,12,9,3
110,4,光華里,計,1238,1194,44,20,24
110,4,光華里,男,735,710,25,11,14
110,4,光華里,女,503,484,19,9,10
110,4,前寮里,計,1112,1099,13,9,4
110,4,前寮里,男,568,563,5,4,1
110,4,前寮里,女,544,536,8,5,3
110,4,石泉里,計,3174,3149,25,14,11
110,4,石泉里,男,1577,1565,12,5,7
110,4,石泉里,女,1597,1584,13,9,4
110,4,菜園里,計,494,494,0,0,0
110,4,菜園里,男,262,262,0,0,0
110,4,菜園里,女,232,232,0,0,0
110,4,東衛里,計,2461,2453,8,3,5
110,4,東衛里,男,1283,1281,2,1,1
110,4,東衛里,女,1178,1172,6,2,4
110,4,安宅里,計,702,696,6,0,6
110,4,安宅里,男,363,361,2,0,2
110,4,安宅里,女,339,335,4,0,4
110,4,烏崁里,計,1188,1179,9,6,3
110,4,烏崁里,男,625,618,7,4,3
110,4,烏崁里,女,563,561,2,2,0
110,4,興仁里,計,1429,1420,9,3,6
110,4,興仁里,男,743,740,3,1,2
110,4,興仁里,女,686,680,6,2,4
110,4,鐵線里,計,746,730,16,8,8
110,4,鐵線里,男,370,361,9,4,5
110,4,鐵線里,女,376,369,7,4,3
110,4,山水里,計,1914,1911,3,2,1
110,4,山水里,男,981,981,0,0,0
110,4,山水里,女,933,930,3,2,1
110,4,鎖港里,計,2887,2868,19,11,8
110,4,鎖港里,男,1478,1472,6,3,3
110,4,鎖港里,女,1409,1396,13,8,5
110,4,五德里,計,483,477,6,6,0
110,4,五德里,男,320,315,5,5,0
110,4,五德里,女,163,162,1,1,0
110,4,井垵里,計,427,427,0,0,0
110,4,井垵里,男,222,222,0,0,0
110,4,井垵里,女,205,205,0,0,0
110,4,嵵裡里,計,1319,1315,4,2,2
110,4,嵵裡里,男,667,666,1,0,1
110,4,嵵裡里,女,652,649,3,2,1
110,4,風櫃里,計,1590,1582,8,7,1
110,4,風櫃里,男,819,815,4,3,1
110,4,風櫃里,女,771,767,4,4,0
110,4,虎井里,計,889,887,2,1,1
110,4,虎井里,男,511,509,2,1,1
110,4,虎井里,女,378,378,0,0,0
110,4,桶盤里,計,399,398,1,1,0
110,4,桶盤里,男,215,215,0,0,0
110,4,桶盤里,女,184,183,1,1,0
110,5,馬公市,計,63072,62649,423,241,182
110,5,馬公市,男,32035,31820,215,120,95
110,5,馬公市,女,31037,30829,208,121,87
110,5,復興里,計,524,520,4,1,3
110,5,復興里,男,323,320,3,0,3
110,5,復興里,女,201,200,1,1,0
110,5,長安里,計,620,617,3,0,3
110,5,長安里,男,295,294,1,0,1
110,5,長安里,女,325,323,2,0,2
110,5,中央里,計,586,579,7,5,2
110,5,中央里,男,305,304,1,0,1
110,5,中央里,女,281,275,6,5,1
110,5,啟明里,計,962,957,5,1,4
110,5,啟明里,男,478,476,2,0,2
110,5,啟明里,女,484,481,3,1,2
110,5,重慶里,計,1060,1057,3,2,1
110,5,重慶里,男,534,532,2,1,1
110,5,重慶里,女,526,525,1,1,0
110,5,中興里,計,879,876,3,1,2
110,5,中興里,男,445,442,3,1,2
110,5,中興里,女,434,434,0,0,0
110,5,光復里,計,2187,2179,8,1,7
110,5,光復里,男,1039,1035,4,1,3
110,5,光復里,女,1148,1144,4,0,4
110,5,光榮里,計,4742,4706,36,13,23
110,5,光榮里,男,2258,2239,19,5,14
110,5,光榮里,女,2484,2467,17,8,9
110,5,光明里,計,1341,1336,5,5,0
110,5,光明里,男,676,673,3,3,0
110,5,光明里,女,665,663,2,2,0
110,5,朝陽里,計,6072,6035,37,26,11
110,5,朝陽里,男,2938,2918,20,14,6
110,5,朝陽里,女,3134,3117,17,12,5
110,5,陽明里,計,2801,2788,13,11,2
110,5,陽明里,男,1383,1376,7,6,1
110,5,陽明里,女,1418,1412,6,5,1
110,5,重光里,計,1689,1682,7,4,3
110,5,重光里,男,853,849,4,3,1
110,5,重光里,女,836,833,3,1,2
110,5,西衛里,計,6896,6853,43,23,20
110,5,西衛里,男,3481,3459,22,12,10
110,5,西衛里,女,3415,3394,21,11,10
110,5,西文里,計,4056,4034,22,16,6
110,5,西文里,男,2040,2029,11,9,2
110,5,西文里,女,2016,2005,11,7,4
110,5,東文里,計,4147,4124,23,12,11
110,5,東文里,男,2041,2031,10,5,5
110,5,東文里,女,2106,2093,13,7,6
110,5,案山里,計,2043,2014,29,25,4
110,5,案山里,男,1206,1189,17,16,1
110,5,案山里,女,837,825,12,9,3
110,5,光華里,計,1235,1191,44,20,24
110,5,光華里,男,733,708,25,11,14
110,5,光華里,女,502,483,19,9,10
110,5,前寮里,計,1123,1110,13,9,4
110,5,前寮里,男,575,570,5,4,1
110,5,前寮里,女,548,540,8,5,3
110,5,石泉里,計,3179,3154,25,14,11
110,5,石泉里,男,1578,1566,12,5,7
110,5,石泉里,女,1601,1588,13,9,4
110,5,菜園里,計,489,489,0,0,0
110,5,菜園里,男,258,258,0,0,0
110,5,菜園里,女,231,231,0,0,0
110,5,東衛里,計,2466,2458,8,3,5
110,5,東衛里,男,1280,1278,2,1,1
110,5,東衛里,女,1186,1180,6,2,4
110,5,安宅里,計,704,697,7,1,6
110,5,安宅里,男,366,364,2,0,2
110,5,安宅里,女,338,333,5,1,4
110,5,烏崁里,計,1189,1178,11,8,3
110,5,烏崁里,男,627,618,9,6,3
110,5,烏崁里,女,562,560,2,2,0
110,5,興仁里,計,1429,1420,9,3,6
110,5,興仁里,男,740,737,3,1,2
110,5,興仁里,女,689,683,6,2,4
110,5,鐵線里,計,756,740,16,8,8
110,5,鐵線里,男,377,367,10,4,6
110,5,鐵線里,女,379,373,6,4,2
110,5,山水里,計,1912,1909,3,2,1
110,5,山水里,男,980,980,0,0,0
110,5,山水里,女,932,929,3,2,1
110,5,鎖港里,計,2885,2866,19,11,8
110,5,鎖港里,男,1473,1467,6,3,3
110,5,鎖港里,女,1412,1399,13,8,5
110,5,五德里,計,485,479,6,6,0
110,5,五德里,男,321,316,5,5,0
110,5,五德里,女,164,163,1,1,0
110,5,井垵里,計,430,430,0,0,0
110,5,井垵里,男,224,224,0,0,0
110,5,井垵里,女,206,206,0,0,0
110,5,嵵裡里,計,1319,1316,3,1,2
110,5,嵵裡里,男,668,667,1,0,1
110,5,嵵裡里,女,651,649,2,1,1
110,5,風櫃里,計,1575,1567,8,7,1
110,5,風櫃里,男,811,807,4,3,1
110,5,風櫃里,女,764,760,4,4,0
110,5,虎井里,計,890,888,2,1,1
110,5,虎井里,男,513,511,2,1,1
110,5,虎井里,女,377,377,0,0,0
110,5,桶盤里,計,401,400,1,1,0
110,5,桶盤里,男,216,216,0,0,0
110,5,桶盤里,女,185,184,1,1,0
110,6,馬公市,計,62968,62549,419,238,181
110,6,馬公市,男,31997,31783,214,118,96
110,6,馬公市,女,30971,30766,205,120,85
110,6,復興里,計,524,520,4,1,3
110,6,復興里,男,322,319,3,0,3
110,6,復興里,女,202,201,1,1,0
110,6,長安里,計,616,614,2,0,2
110,6,長安里,男,293,293,0,0,0
110,6,長安里,女,323,321,2,0,2
110,6,中央里,計,585,578,7,5,2
110,6,中央里,男,304,303,1,0,1
110,6,中央里,女,281,275,6,5,1
110,6,啟明里,計,966,961,5,1,4
110,6,啟明里,男,482,480,2,0,2
110,6,啟明里,女,484,481,3,1,2
110,6,重慶里,計,1057,1054,3,2,1
110,6,重慶里,男,530,528,2,1,1
110,6,重慶里,女,527,526,1,1,0
110,6,中興里,計,872,868,4,2,2
110,6,中興里,男,442,438,4,2,2
110,6,中興里,女,430,430,0,0,0
110,6,光復里,計,2191,2183,8,1,7
110,6,光復里,男,1040,1036,4,1,3
110,6,光復里,女,1151,1147,4,0,4
110,6,光榮里,計,4742,4707,35,12,23
110,6,光榮里,男,2258,2239,19,5,14
110,6,光榮里,女,2484,2468,16,7,9
110,6,光明里,計,1344,1339,5,5,0
110,6,光明里,男,678,675,3,3,0
110,6,光明里,女,666,664,2,2,0
110,6,朝陽里,計,6060,6025,35,24,11
110,6,朝陽里,男,2938,2919,19,13,6
110,6,朝陽里,女,3122,3106,16,11,5
110,6,陽明里,計,2798,2785,13,11,2
110,6,陽明里,男,1385,1378,7,6,1
110,6,陽明里,女,1413,1407,6,5,1
110,6,重光里,計,1695,1688,7,4,3
110,6,重光里,男,856,852,4,3,1
110,6,重光里,女,839,836,3,1,2
110,6,西衛里,計,6809,6767,42,22,20
110,6,西衛里,男,3443,3421,22,11,11
110,6,西衛里,女,3366,3346,20,11,9
110,6,西文里,計,4059,4038,21,15,6
110,6,西文里,男,2038,2028,10,8,2
110,6,西文里,女,2021,2010,11,7,4
110,6,東文里,計,4149,4123,26,14,12
110,6,東文里,男,2042,2030,12,6,6
110,6,東文里,女,2107,2093,14,8,6
110,6,案山里,計,2039,2010,29,25,4
110,6,案山里,男,1204,1187,17,16,1
110,6,案山里,女,835,823,12,9,3
110,6,光華里,計,1235,1190,45,21,24
110,6,光華里,男,732,707,25,11,14
110,6,光華里,女,503,483,20,10,10
110,6,前寮里,計,1120,1107,13,9,4
110,6,前寮里,男,572,567,5,4,1
110,6,前寮里,女,548,540,8,5,3
110,6,石泉里,計,3175,3150,25,14,11
110,6,石泉里,男,1580,1568,12,5,7
110,6,石泉里,女,1595,1582,13,9,4
110,6,菜園里,計,491,491,0,0,0
110,6,菜園里,男,260,260,0,0,0
110,6,菜園里,女,231,231,0,0,0
110,6,東衛里,計,2455,2448,7,2,5
110,6,東衛里,男,1272,1270,2,1,1
110,6,東衛里,女,1183,1178,5,1,4
110,6,安宅里,計,701,694,7,1,6
110,6,安宅里,男,364,362,2,0,2
110,6,安宅里,女,337,332,5,1,4
110,6,烏崁里,計,1192,1182,10,7,3
110,6,烏崁里,男,629,621,8,5,3
110,6,烏崁里,女,563,561,2,2,0
110,6,興仁里,計,1435,1426,9,3,6
110,6,興仁里,男,747,744,3,1,2
110,6,興仁里,女,688,682,6,2,4
110,6,鐵線里,計,758,743,15,8,7
110,6,鐵線里,男,379,369,10,4,6
110,6,鐵線里,女,379,374,5,4,1
110,6,山水里,計,1910,1907,3,2,1
110,6,山水里,男,978,978,0,0,0
110,6,山水里,女,932,929,3,2,1
110,6,鎖港里,計,2880,2861,19,11,8
110,6,鎖港里,男,1469,1463,6,3,3
110,6,鎖港里,女,1411,1398,13,8,5
110,6,五德里,計,488,482,6,6,0
110,6,五德里,男,322,317,5,5,0
110,6,五德里,女,166,165,1,1,0
110,6,井垵里,計,430,430,0,0,0
110,6,井垵里,男,225,225,0,0,0
110,6,井垵里,女,205,205,0,0,0
110,6,嵵裡里,計,1326,1323,3,1,2
110,6,嵵裡里,男,671,670,1,0,1
110,6,嵵裡里,女,655,653,2,1,1
110,6,風櫃里,計,1573,1565,8,7,1
110,6,風櫃里,男,812,808,4,3,1
110,6,風櫃里,女,761,757,4,4,0
110,6,虎井里,計,895,893,2,1,1
110,6,虎井里,男,516,514,2,1,1
110,6,虎井里,女,379,379,0,0,0
110,6,桶盤里,計,398,397,1,1,0
110,6,桶盤里,男,214,214,0,0,0
110,6,桶盤里,女,184,183,1,1,0
110,7,馬公市,計,62912,62493,419,237,182
110,7,馬公市,男,31953,31740,213,117,96
110,7,馬公市,女,30959,30753,206,120,86
110,7,復興里,計,522,517,5,1,4
110,7,復興里,男,320,316,4,0,4
110,7,復興里,女,202,201,1,1,0
110,7,長安里,計,614,612,2,0,2
110,7,長安里,男,293,293,0,0,0
110,7,長安里,女,321,319,2,0,2
110,7,中央里,計,575,568,7,5,2
110,7,中央里,男,296,295,1,0,1
110,7,中央里,女,279,273,6,5,1
110,7,啟明里,計,965,960,5,1,4
110,7,啟明里,男,483,481,2,0,2
110,7,啟明里,女,482,479,3,1,2
110,7,重慶里,計,1052,1050,2,2,0
110,7,重慶里,男,525,524,1,1,0
110,7,重慶里,女,527,526,1,1,0
110,7,中興里,計,875,871,4,2,2
110,7,中興里,男,444,440,4,2,2
110,7,中興里,女,431,431,0,0,0
110,7,光復里,計,2187,2179,8,1,7
110,7,光復里,男,1039,1035,4,1,3
110,7,光復里,女,1148,1144,4,0,4
110,7,光榮里,計,4737,4702,35,12,23
110,7,光榮里,男,2255,2237,18,5,13
110,7,光榮里,女,2482,2465,17,7,10
110,7,光明里,計,1341,1336,5,5,0
110,7,光明里,男,677,674,3,3,0
110,7,光明里,女,664,662,2,2,0
110,7,朝陽里,計,6070,6033,37,26,11
110,7,朝陽里,男,2947,2927,20,14,6
110,7,朝陽里,女,3123,3106,17,12,5
110,7,陽明里,計,2795,2782,13,11,2
110,7,陽明里,男,1388,1381,7,6,1
110,7,陽明里,女,1407,1401,6,5,1
110,7,重光里,計,1686,1679,7,4,3
110,7,重光里,男,850,846,4,3,1
110,7,重光里,女,836,833,3,1,2
110,7,西衛里,計,6777,6737,40,20,20
110,7,西衛里,男,3424,3403,21,10,11
110,7,西衛里,女,3353,3334,19,10,9
110,7,西文里,計,4041,4022,19,14,5
110,7,西文里,男,2024,2015,9,7,2
110,7,西文里,女,2017,2007,10,7,3
110,7,東文里,計,4146,4118,28,15,13
110,7,東文里,男,2038,2026,12,6,6
110,7,東文里,女,2108,2092,16,9,7
110,7,案山里,計,2042,2012,30,25,5
110,7,案山里,男,1204,1186,18,16,2
110,7,案山里,女,838,826,12,9,3
110,7,光華里,計,1225,1181,44,20,24
110,7,光華里,男,720,695,25,11,14
110,7,光華里,女,505,486,19,9,10
110,7,前寮里,計,1127,1114,13,9,4
110,7,前寮里,男,574,569,5,4,1
110,7,前寮里,女,553,545,8,5,3
110,7,石泉里,計,3174,3149,25,14,11
110,7,石泉里,男,1580,1568,12,5,7
110,7,石泉里,女,1594,1581,13,9,4
110,7,菜園里,計,490,490,0,0,0
110,7,菜園里,男,261,261,0,0,0
110,7,菜園里,女,229,229,0,0,0
110,7,東衛里,計,2451,2444,7,2,5
110,7,東衛里,男,1271,1269,2,1,1
110,7,東衛里,女,1180,1175,5,1,4
110,7,安宅里,計,707,700,7,1,6
110,7,安宅里,男,366,364,2,0,2
110,7,安宅里,女,341,336,5,1,4
110,7,烏崁里,計,1196,1186,10,7,3
110,7,烏崁里,男,630,622,8,5,3
110,7,烏崁里,女,566,564,2,2,0
110,7,興仁里,計,1443,1434,9,2,7
110,7,興仁里,男,750,748,2,0,2
110,7,興仁里,女,693,686,7,2,5
110,7,鐵線里,計,773,758,15,8,7
110,7,鐵線里,男,387,377,10,4,6
110,7,鐵線里,女,386,381,5,4,1
110,7,山水里,計,1910,1908,2,2,0
110,7,山水里,男,980,980,0,0,0
110,7,山水里,女,930,928,2,2,0
110,7,鎖港里,計,2880,2860,20,12,8
110,7,鎖港里,男,1469,1462,7,4,3
110,7,鎖港里,女,1411,1398,13,8,5
110,7,五德里,計,492,486,6,6,0
110,7,五德里,男,327,322,5,5,0
110,7,五德里,女,165,164,1,1,0
110,7,井垵里,計,427,427,0,0,0
110,7,井垵里,男,220,220,0,0,0
110,7,井垵里,女,207,207,0,0,0
110,7,嵵裡里,計,1328,1325,3,1,2
110,7,嵵裡里,男,670,669,1,0,1
110,7,嵵裡里,女,658,656,2,1,1
110,7,風櫃里,計,1570,1562,8,7,1
110,7,風櫃里,男,810,806,4,3,1
110,7,風櫃里,女,760,756,4,4,0
110,7,虎井里,計,894,892,2,1,1
110,7,虎井里,男,516,514,2,1,1
110,7,虎井里,女,378,378,0,0,0
110,7,桶盤里,計,400,399,1,1,0
110,7,桶盤里,男,215,215,0,0,0
110,7,桶盤里,女,185,184,1,1,0
110,8,馬公市,計,62881,62466,415,237,178
110,8,馬公市,男,31915,31707,208,117,91
110,8,馬公市,女,30966,30759,207,120,87
110,8,復興里,計,522,517,5,1,4
110,8,復興里,男,317,313,4,0,4
110,8,復興里,女,205,204,1,1,0
110,8,長安里,計,616,614,2,0,2
110,8,長安里,男,297,297,0,0,0
110,8,長安里,女,319,317,2,0,2
110,8,中央里,計,573,566,7,5,2
110,8,中央里,男,296,295,1,0,1
110,8,中央里,女,277,271,6,5,1
110,8,啟明里,計,966,961,5,1,4
110,8,啟明里,男,484,482,2,0,2
110,8,啟明里,女,482,479,3,1,2
110,8,重慶里,計,1053,1051,2,2,0
110,8,重慶里,男,525,524,1,1,0
110,8,重慶里,女,528,527,1,1,0
110,8,中興里,計,876,872,4,2,2
110,8,中興里,男,447,443,4,2,2
110,8,中興里,女,429,429,0,0,0
110,8,光復里,計,2181,2174,7,1,6
110,8,光復里,男,1037,1033,4,1,3
110,8,光復里,女,1144,1141,3,0,3
110,8,光榮里,計,4740,4705,35,12,23
110,8,光榮里,男,2252,2234,18,5,13
110,8,光榮里,女,2488,2471,17,7,10
110,8,光明里,計,1338,1333,5,5,0
110,8,光明里,男,675,672,3,3,0
110,8,光明里,女,663,661,2,2,0
110,8,朝陽里,計,6065,6029,36,25,11
110,8,朝陽里,男,2935,2916,19,13,6
110,8,朝陽里,女,3130,3113,17,12,5
110,8,陽明里,計,2797,2783,14,11,3
110,8,陽明里,男,1394,1386,8,6,2
110,8,陽明里,女,1403,1397,6,5,1
110,8,重光里,計,1690,1683,7,4,3
110,8,重光里,男,853,849,4,3,1
110,8,重光里,女,837,834,3,1,2
110,8,西衛里,計,6742,6703,39,19,20
110,8,西衛里,男,3401,3380,21,10,11
110,8,西衛里,女,3341,3323,18,9,9
110,8,西文里,計,4055,4036,19,14,5
110,8,西文里,男,2030,2021,9,7,2
110,8,西文里,女,2025,2015,10,7,3
110,8,東文里,計,4137,4112,25,15,10
110,8,東文里,男,2032,2022,10,6,4
110,8,東文里,女,2105,2090,15,9,6
110,8,案山里,計,2034,2003,31,25,6
110,8,案山里,男,1193,1175,18,16,2
110,8,案山里,女,841,828,13,9,4
110,8,光華里,計,1224,1181,43,22,21
110,8,光華里,男,717,694,23,12,11
110,8,光華里,女,507,487,20,10,10
110,8,前寮里,計,1123,1110,13,9,4
110,8,前寮里,男,572,567,5,4,1
110,8,前寮里,女,551,543,8,5,3
110,8,石泉里,計,3180,3153,27,14,13
110,8,石泉里,男,1581,1569,12,5,7
110,8,石泉里,女,1599,1584,15,9,6
110,8,菜園里,計,488,488,0,0,0
110,8,菜園里,男,259,259,0,0,0
110,8,菜園里,女,229,229,0,0,0
110,8,東衛里,計,2462,2455,7,2,5
110,8,東衛里,男,1278,1276,2,1,1
110,8,東衛里,女,1184,1179,5,1,4
110,8,安宅里,計,707,700,7,1,6
110,8,安宅里,男,366,364,2,0,2
110,8,安宅里,女,341,336,5,1,4
110,8,烏崁里,計,1197,1187,10,7,3
110,8,烏崁里,男,633,625,8,5,3
110,8,烏崁里,女,564,562,2,2,0
110,8,興仁里,計,1452,1443,9,2,7
110,8,興仁里,男,752,750,2,0,2
110,8,興仁里,女,700,693,7,2,5
110,8,鐵線里,計,774,760,14,8,6
110,8,鐵線里,男,389,380,9,4,5
110,8,鐵線里,女,385,380,5,4,1
110,8,山水里,計,1910,1908,2,2,0
110,8,山水里,男,980,980,0,0,0
110,8,山水里,女,930,928,2,2,0
110,8,鎖港里,計,2868,2848,20,12,8
110,8,鎖港里,男,1464,1457,7,4,3
110,8,鎖港里,女,1404,1391,13,8,5
110,8,五德里,計,501,495,6,6,0
110,8,五德里,男,332,327,5,5,0
110,8,五德里,女,169,168,1,1,0
110,8,井垵里,計,427,427,0,0,0
110,8,井垵里,男,218,218,0,0,0
110,8,井垵里,女,209,209,0,0,0
110,8,嵵裡里,計,1332,1329,3,1,2
110,8,嵵裡里,男,673,672,1,0,1
110,8,嵵裡里,女,659,657,2,1,1
110,8,風櫃里,計,1566,1558,8,7,1
110,8,風櫃里,男,807,803,4,3,1
110,8,風櫃里,女,759,755,4,4,0
110,8,虎井里,計,886,884,2,1,1
110,8,虎井里,男,512,510,2,1,1
110,8,虎井里,女,374,374,0,0,0
110,8,桶盤里,計,399,398,1,1,0
110,8,桶盤里,男,214,214,0,0,0
110,8,桶盤里,女,185,184,1,1,0
110,9,馬公市,計,63231,62809,422,242,180
110,9,馬公市,男,32143,31930,213,120,93
110,9,馬公市,女,31088,30879,209,122,87
110,9,復興里,計,527,522,5,1,4
110,9,復興里,男,322,318,4,0,4
110,9,復興里,女,205,204,1,1,0
110,9,長安里,計,617,615,2,0,2
110,9,長安里,男,297,297,0,0,0
110,9,長安里,女,320,318,2,0,2
110,9,中央里,計,573,566,7,5,2
110,9,中央里,男,295,294,1,0,1
110,9,中央里,女,278,272,6,5,1
110,9,啟明里,計,959,954,5,1,4
110,9,啟明里,男,477,475,2,0,2
110,9,啟明里,女,482,479,3,1,2
110,9,重慶里,計,1044,1042,2,2,0
110,9,重慶里,男,522,521,1,1,0
110,9,重慶里,女,522,521,1,1,0
110,9,中興里,計,883,879,4,2,2
110,9,中興里,男,448,444,4,2,2
110,9,中興里,女,435,435,0,0,0
110,9,光復里,計,2174,2167,7,1,6
110,9,光復里,男,1031,1027,4,1,3
110,9,光復里,女,1143,1140,3,0,3
110,9,光榮里,計,4715,4675,40,17,23
110,9,光榮里,男,2242,2220,22,9,13
110,9,光榮里,女,2473,2455,18,8,10
110,9,光明里,計,1333,1328,5,5,0
110,9,光明里,男,678,675,3,3,0
110,9,光明里,女,655,653,2,2,0
110,9,朝陽里,計,6028,5992,36,25,11
110,9,朝陽里,男,2918,2899,19,13,6
110,9,朝陽里,女,3110,3093,17,12,5
110,9,陽明里,計,2790,2776,14,11,3
110,9,陽明里,男,1389,1381,8,6,2
110,9,陽明里,女,1401,1395,6,5,1
110,9,重光里,計,1698,1690,8,4,4
110,9,重光里,男,855,850,5,3,2
110,9,重光里,女,843,840,3,1,2
110,9,西衛里,計,7123,7081,42,20,22
110,9,西衛里,男,3632,3610,22,10,12
110,9,西衛里,女,3491,3471,20,10,10
110,9,西文里,計,4043,4024,19,14,5
110,9,西文里,男,2027,2018,9,7,2
110,9,西文里,女,2016,2006,10,7,3
110,9,東文里,計,4130,4105,25,15,10
110,9,東文里,男,2032,2022,10,6,4
110,9,東文里,女,2098,2083,15,9,6
110,9,案山里,計,2036,2007,29,24,5
110,9,案山里,男,1196,1179,17,15,2
110,9,案山里,女,840,828,12,9,3
110,9,光華里,計,1217,1175,42,22,20
110,9,光華里,男,710,688,22,12,10
110,9,光華里,女,507,487,20,10,10
110,9,前寮里,計,1128,1115,13,9,4
110,9,前寮里,男,576,571,5,4,1
110,9,前寮里,女,552,544,8,5,3
110,9,石泉里,計,3194,3167,27,14,13
110,9,石泉里,男,1584,1572,12,5,7
110,9,石泉里,女,1610,1595,15,9,6
110,9,菜園里,計,486,486,0,0,0
110,9,菜園里,男,259,259,0,0,0
110,9,菜園里,女,227,227,0,0,0
110,9,東衛里,計,2471,2463,8,2,6
110,9,東衛里,男,1279,1277,2,1,1
110,9,東衛里,女,1192,1186,6,1,5
110,9,安宅里,計,707,700,7,1,6
110,9,安宅里,男,369,367,2,0,2
110,9,安宅里,女,338,333,5,1,4
110,9,烏崁里,計,1201,1191,10,7,3
110,9,烏崁里,男,635,627,8,5,3
110,9,烏崁里,女,566,564,2,2,0
110,9,興仁里,計,1459,1451,8,2,6
110,9,興仁里,男,757,755,2,0,2
110,9,興仁里,女,702,696,6,2,4
110,9,鐵線里,計,779,765,14,8,6
110,9,鐵線里,男,392,383,9,4,5
110,9,鐵線里,女,387,382,5,4,1
110,9,山水里,計,1920,1918,2,2,0
110,9,山水里,男,983,983,0,0,0
110,9,山水里,女,937,935,2,2,0
110,9,鎖港里,計,2875,2855,20,12,8
110,9,鎖港里,男,1468,1461,7,4,3
110,9,鎖港里,女,1407,1394,13,8,5
110,9,五德里,計,505,498,7,6,1
110,9,五德里,男,337,331,6,5,1
110,9,五德里,女,168,167,1,1,0
110,9,井垵里,計,429,429,0,0,0
110,9,井垵里,男,218,218,0,0,0
110,9,井垵里,女,211,211,0,0,0
110,9,嵵裡里,計,1328,1325,3,1,2
110,9,嵵裡里,男,674,673,1,0,1
110,9,嵵裡里,女,654,652,2,1,1
110,9,風櫃里,計,1569,1561,8,7,1
110,9,風櫃里,男,810,806,4,3,1
110,9,風櫃里,女,759,755,4,4,0
110,9,虎井里,計,891,889,2,1,1
110,9,虎井里,男,517,515,2,1,1
110,9,虎井里,女,374,374,0,0,0
110,9,桶盤里,計,399,398,1,1,0
110,9,桶盤里,男,214,214,0,0,0
110,9,桶盤里,女,185,184,1,1,0
110,10,馬公市,計,63240,62818,422,242,180
110,10,馬公市,男,32173,31960,213,121,92
110,10,馬公市,女,31067,30858,209,121,88
110,10,復興里,計,524,519,5,1,4
110,10,復興里,男,324,320,4,0,4
110,10,復興里,女,200,199,1,1,0
110,10,長安里,計,613,611,2,0,2
110,10,長安里,男,295,295,0,0,0
110,10,長安里,女,318,316,2,0,2
110,10,中央里,計,577,570,7,5,2
110,10,中央里,男,294,293,1,0,1
110,10,中央里,女,283,277,6,5,1
110,10,啟明里,計,962,957,5,1,4
110,10,啟明里,男,480,478,2,0,2
110,10,啟明里,女,482,479,3,1,2
110,10,重慶里,計,1037,1035,2,2,0
110,10,重慶里,男,522,521,1,1,0
110,10,重慶里,女,515,514,1,1,0
110,10,中興里,計,880,876,4,2,2
110,10,中興里,男,447,443,4,2,2
110,10,中興里,女,433,433,0,0,0
110,10,光復里,計,2175,2168,7,1,6
110,10,光復里,男,1031,1027,4,1,3
110,10,光復里,女,1144,1141,3,0,3
110,10,光榮里,計,4691,4651,40,17,23
110,10,光榮里,男,2235,2213,22,9,13
110,10,光榮里,女,2456,2438,18,8,10
110,10,光明里,計,1328,1323,5,5,0
110,10,光明里,男,677,674,3,3,0
110,10,光明里,女,651,649,2,2,0
110,10,朝陽里,計,6013,5976,37,26,11
110,10,朝陽里,男,2908,2888,20,14,6
110,10,朝陽里,女,3105,3088,17,12,5
110,10,陽明里,計,2797,2784,13,10,3
110,10,陽明里,男,1394,1387,7,5,2
110,10,陽明里,女,1403,1397,6,5,1
110,10,重光里,計,1697,1689,8,4,4
110,10,重光里,男,860,855,5,3,2
110,10,重光里,女,837,834,3,1,2
110,10,西衛里,計,7152,7110,42,20,22
110,10,西衛里,男,3650,3628,22,10,12
110,10,西衛里,女,3502,3482,20,10,10
110,10,西文里,計,4047,4028,19,14,5
110,10,西文里,男,2026,2017,9,7,2
110,10,西文里,女,2021,2011,10,7,3
110,10,東文里,計,4115,4088,27,15,12
110,10,東文里,男,2024,2013,11,6,5
110,10,東文里,女,2091,2075,16,9,7
110,10,案山里,計,2035,2006,29,24,5
110,10,案山里,男,1194,1177,17,15,2
110,10,案山里,女,841,829,12,9,3
110,10,光華里,計,1226,1185,41,21,20
110,10,光華里,男,720,698,22,12,10
110,10,光華里,女,506,487,19,9,10
110,10,前寮里,計,1143,1130,13,9,4
110,10,前寮里,男,583,578,5,4,1
110,10,前寮里,女,560,552,8,5,3
110,10,石泉里,計,3200,3174,26,14,12
110,10,石泉里,男,1586,1575,11,5,6
110,10,石泉里,女,1614,1599,15,9,6
110,10,菜園里,計,485,485,0,0,0
110,10,菜園里,男,260,260,0,0,0
110,10,菜園里,女,225,225,0,0,0
110,10,東衛里,計,2475,2467,8,2,6
110,10,東衛里,男,1279,1277,2,1,1
110,10,東衛里,女,1196,1190,6,1,5
110,10,安宅里,計,713,706,7,1,6
110,10,安宅里,男,373,371,2,0,2
110,10,安宅里,女,340,335,5,1,4
110,10,烏崁里,計,1204,1193,11,8,3
110,10,烏崁里,男,638,629,9,6,3
110,10,烏崁里,女,566,564,2,2,0
110,10,興仁里,計,1464,1456,8,2,6
110,10,興仁里,男,761,759,2,0,2
110,10,興仁里,女,703,697,6,2,4
110,10,鐵線里,計,782,769,13,8,5
110,10,鐵線里,男,391,383,8,4,4
110,10,鐵線里,女,391,386,5,4,1
110,10,山水里,計,1915,1913,2,2,0
110,10,山水里,男,981,981,0,0,0
110,10,山水里,女,934,932,2,2,0
110,10,鎖港里,計,2870,2850,20,12,8
110,10,鎖港里,男,1466,1459,7,4,3
110,10,鎖港里,女,1404,1391,13,8,5
110,10,五德里,計,505,498,7,6,1
110,10,五德里,男,337,331,6,5,1
110,10,五德里,女,168,167,1,1,0
110,10,井垵里,計,427,427,0,0,0
110,10,井垵里,男,216,216,0,0,0
110,10,井垵里,女,211,211,0,0,0
110,10,嵵裡里,計,1332,1329,3,1,2
110,10,嵵裡里,男,678,677,1,0,1
110,10,嵵裡里,女,654,652,2,1,1
110,10,風櫃里,計,1563,1555,8,7,1
110,10,風櫃里,男,806,802,4,3,1
110,10,風櫃里,女,757,753,4,4,0
110,10,虎井里,計,891,889,2,1,1
110,10,虎井里,男,520,518,2,1,1
110,10,虎井里,女,371,371,0,0,0
110,10,桶盤里,計,402,401,1,1,0
110,10,桶盤里,男,217,217,0,0,0
110,10,桶盤里,女,185,184,1,1,0
110,11,馬公市,計,63267,62840,427,243,184
110,11,馬公市,男,32178,31960,218,123,95
110,11,馬公市,女,31089,30880,209,120,89
110,11,復興里,計,531,526,5,1,4
110,11,復興里,男,330,326,4,0,4
110,11,復興里,女,201,200,1,1,0
110,11,長安里,計,613,611,2,0,2
110,11,長安里,男,295,295,0,0,0
110,11,長安里,女,318,316,2,0,2
110,11,中央里,計,582,575,7,5,2
110,11,中央里,男,294,293,1,0,1
110,11,中央里,女,288,282,6,5,1
110,11,啟明里,計,954,949,5,1,4
110,11,啟明里,男,475,473,2,0,2
110,11,啟明里,女,479,476,3,1,2
110,11,重慶里,計,1038,1036,2,2,0
110,11,重慶里,男,521,520,1,1,0
110,11,重慶里,女,517,516,1,1,0
110,11,中興里,計,879,875,4,2,2
110,11,中興里,男,446,442,4,2,2
110,11,中興里,女,433,433,0,0,0
110,11,光復里,計,2161,2154,7,1,6
110,11,光復里,男,1024,1020,4,1,3
110,11,光復里,女,1137,1134,3,0,3
110,11,光榮里,計,4704,4664,40,17,23
110,11,光榮里,男,2243,2221,22,9,13
110,11,光榮里,女,2461,2443,18,8,10
110,11,光明里,計,1329,1323,6,5,1
110,11,光明里,男,680,676,4,3,1
110,11,光明里,女,649,647,2,2,0
110,11,朝陽里,計,5977,5939,38,27,11
110,11,朝陽里,男,2895,2874,21,15,6
110,11,朝陽里,女,3082,3065,17,12,5
110,11,陽明里,計,2797,2784,13,10,3
110,11,陽明里,男,1394,1387,7,5,2
110,11,陽明里,女,1403,1397,6,5,1
110,11,重光里,計,1697,1690,7,3,4
110,11,重光里,男,859,855,4,2,2
110,11,重光里,女,838,835,3,1,2
110,11,西衛里,計,7161,7120,41,19,22
110,11,西衛里,男,3646,3625,21,9,12
110,11,西衛里,女,3515,3495,20,10,10
110,11,西文里,計,4052,4034,18,13,5
110,11,西文里,男,2027,2018,9,7,2
110,11,西文里,女,2025,2016,9,6,3
110,11,東文里,計,4123,4094,29,17,12
110,11,東文里,男,2028,2015,13,8,5
110,11,東文里,女,2095,2079,16,9,7
110,11,案山里,計,2041,2011,30,24,6
110,11,案山里,男,1193,1175,18,15,3
110,11,案山里,女,848,836,12,9,3
110,11,光華里,計,1220,1179,41,21,20
110,11,光華里,男,719,697,22,12,10
110,11,光華里,女,501,482,19,9,10
110,11,前寮里,計,1139,1126,13,9,4
110,11,前寮里,男,582,577,5,4,1
110,11,前寮里,女,557,549,8,5,3
110,11,石泉里,計,3211,3185,26,14,12
110,11,石泉里,男,1586,1575,11,5,6
110,11,石泉里,女,1625,1610,15,9,6
110,11,菜園里,計,494,494,0,0,0
110,11,菜園里,男,268,268,0,0,0
110,11,菜園里,女,226,226,0,0,0
110,11,東衛里,計,2484,2476,8,2,6
110,11,東衛里,男,1284,1282,2,1,1
110,11,東衛里,女,1200,1194,6,1,5
110,11,安宅里,計,716,709,7,1,6
110,11,安宅里,男,373,371,2,0,2
110,11,安宅里,女,343,338,5,1,4
110,11,烏崁里,計,1206,1195,11,8,3
110,11,烏崁里,男,639,630,9,6,3
110,11,烏崁里,女,567,565,2,2,0
110,11,興仁里,計,1473,1465,8,2,6
110,11,興仁里,男,767,765,2,0,2
110,11,興仁里,女,706,700,6,2,4
110,11,鐵線里,計,785,772,13,8,5
110,11,鐵線里,男,391,383,8,4,4
110,11,鐵線里,女,394,389,5,4,1
110,11,山水里,計,1911,1909,2,2,0
110,11,山水里,男,980,980,0,0,0
110,11,山水里,女,931,929,2,2,0
110,11,鎖港里,計,2861,2839,22,13,9
110,11,鎖港里,男,1462,1454,8,5,3
110,11,鎖港里,女,1399,1385,14,8,6
110,11,五德里,計,513,506,7,6,1
110,11,五德里,男,344,338,6,5,1
110,11,五德里,女,169,168,1,1,0
110,11,井垵里,計,426,426,0,0,0
110,11,井垵里,男,215,215,0,0,0
110,11,井垵里,女,211,211,0,0,0
110,11,嵵裡里,計,1334,1331,3,1,2
110,11,嵵裡里,男,677,676,1,0,1
110,11,嵵裡里,女,657,655,2,1,1
110,11,風櫃里,計,1561,1553,8,7,1
110,11,風櫃里,男,803,799,4,3,1
110,11,風櫃里,女,758,754,4,4,0
110,11,虎井里,計,893,890,3,1,2
110,11,虎井里,男,522,519,3,1,2
110,11,虎井里,女,371,371,0,0,0
110,11,桶盤里,計,401,400,1,1,0
110,11,桶盤里,男,216,216,0,0,0
110,11,桶盤里,女,185,184,1,1,0
110,12,馬公市,計,63289,62859,430,247,183
110,12,馬公市,男,32190,31970,220,125,95
110,12,馬公市,女,31099,30889,210,122,88
110,12,復興里,計,532,527,5,1,4
110,12,復興里,男,333,329,4,0,4
110,12,復興里,女,199,198,1,1,0
110,12,長安里,計,615,613,2,0,2
110,12,長安里,男,297,297,0,0,0
110,12,長安里,女,318,316,2,0,2
110,12,中央里,計,583,576,7,5,2
110,12,中央里,男,294,293,1,0,1
110,12,中央里,女,289,283,6,5,1
110,12,啟明里,計,957,952,5,1,4
110,12,啟明里,男,477,475,2,0,2
110,12,啟明里,女,480,477,3,1,2
110,12,重慶里,計,1037,1035,2,2,0
110,12,重慶里,男,521,520,1,1,0
110,12,重慶里,女,516,515,1,1,0
110,12,中興里,計,884,880,4,2,2
110,12,中興里,男,450,446,4,2,2
110,12,中興里,女,434,434,0,0,0
110,12,光復里,計,2167,2160,7,1,6
110,12,光復里,男,1025,1021,4,1,3
110,12,光復里,女,1142,1139,3,0,3
110,12,光榮里,計,4683,4643,40,17,23
110,12,光榮里,男,2228,2206,22,9,13
110,12,光榮里,女,2455,2437,18,8,10
110,12,光明里,計,1328,1322,6,5,1
110,12,光明里,男,676,672,4,3,1
110,12,光明里,女,652,650,2,2,0
110,12,朝陽里,計,5963,5925,38,27,11
110,12,朝陽里,男,2891,2870,21,15,6
110,12,朝陽里,女,3072,3055,17,12,5
110,12,陽明里,計,2787,2774,13,10,3
110,12,陽明里,男,1391,1384,7,5,2
110,12,陽明里,女,1396,1390,6,5,1
110,12,重光里,計,1699,1691,8,4,4
110,12,重光里,男,860,855,5,3,2
110,12,重光里,女,839,836,3,1,2
110,12,西衛里,計,7167,7124,43,21,22
110,12,西衛里,男,3650,3628,22,10,12
110,12,西衛里,女,3517,3496,21,11,10
110,12,西文里,計,4054,4036,18,13,5
110,12,西文里,男,2032,2023,9,7,2
110,12,西文里,女,2022,2013,9,6,3
110,12,東文里,計,4120,4091,29,17,12
110,12,東文里,男,2032,2018,14,8,6
110,12,東文里,女,2088,2073,15,9,6
110,12,案山里,計,2043,2012,31,24,7
110,12,案山里,男,1191,1172,19,15,4
110,12,案山里,女,852,840,12,9,3
110,12,光華里,計,1218,1179,39,20,19
110,12,光華里,男,718,698,20,11,9
110,12,光華里,女,500,481,19,9,10
110,12,前寮里,計,1144,1131,13,9,4
110,12,前寮里,男,584,579,5,4,1
110,12,前寮里,女,560,552,8,5,3
110,12,石泉里,計,3227,3201,26,14,12
110,12,石泉里,男,1593,1582,11,5,6
110,12,石泉里,女,1634,1619,15,9,6
110,12,菜園里,計,489,489,0,0,0
110,12,菜園里,男,264,264,0,0,0
110,12,菜園里,女,225,225,0,0,0
110,12,東衛里,計,2479,2470,9,3,6
110,12,東衛里,男,1281,1279,2,1,1
110,12,東衛里,女,1198,1191,7,2,5
110,12,安宅里,計,720,713,7,1,6
110,12,安宅里,男,375,373,2,0,2
110,12,安宅里,女,345,340,5,1,4
110,12,烏崁里,計,1209,1198,11,8,3
110,12,烏崁里,男,638,629,9,6,3
110,12,烏崁里,女,571,569,2,2,0
110,12,興仁里,計,1474,1466,8,2,6
110,12,興仁里,男,770,768,2,0,2
110,12,興仁里,女,704,698,6,2,4
110,12,鐵線里,計,790,777,13,8,5
110,12,鐵線里,男,396,388,8,4,4
110,12,鐵線里,女,394,389,5,4,1
110,12,山水里,計,1916,1914,2,2,0
110,12,山水里,男,981,981,0,0,0
110,12,山水里,女,935,933,2,2,0
110,12,鎖港里,計,2859,2838,21,13,8
110,12,鎖港里,男,1458,1451,7,5,2
110,12,鎖港里,女,1401,1387,14,8,6
110,12,五德里,計,514,507,7,6,1
110,12,五德里,男,341,335,6,5,1
110,12,五德里,女,173,172,1,1,0
110,12,井垵里,計,429,429,0,0,0
110,12,井垵里,男,216,216,0,0,0
110,12,井垵里,女,213,213,0,0,0
110,12,嵵裡里,計,1337,1334,3,1,2
110,12,嵵裡里,男,679,678,1,0,1
110,12,嵵裡里,女,658,656,2,1,1
110,12,風櫃里,計,1567,1558,9,8,1
110,12,風櫃里,男,808,803,5,4,1
110,12,風櫃里,女,759,755,4,4,0
110,12,虎井里,計,900,897,3,1,2
110,12,虎井里,男,527,524,3,1,2
110,12,虎井里,女,373,373,0,0,0
110,12,桶盤里,計,398,397,1,1,0
110,12,桶盤里,男,213,213,0,0,0
110,12,桶盤里,女,185,184,1,1,0
